10
0
0
0
0
1
1
1
1
2
2
2
2
3
2
2
3
2
4
2
3
3
3
4
6
5
5
6
6
4
5
8
7
8
8
7
7
8
8
9
9
10
11
11
10
13
13
13
14
12
14
16
16
18
17
15
18
16
19
17
20
23
24
24
25
26
27
26
31
32
32
32
32
31
41
38
36
41
40
41
42
42
47
52
51
50
52
54
55
54
56
59
62
59
60
64
65
64
65
66
67
72
63
67
73
71
72
75
70
71
75
75
71
73
75
70
74
69
73
73
73
69
67
71
68
64
71
67
66
65
68
60
61
62
62
58
57
57
49
54
55
50
47
49
48
47
47
45
42
41
42
38
41
42
37
36
33
35
29
35
29
27
28
29
25
24
27
21
24
22
22
22
19
18
15
15
16
16
16
15
13
13
13
14
11
11
12
12
9
9
9
9
8
8
7
6
7
7
6
5
5
