0.000103
0.000075
0.000085
0.000105
0.000117
0.000133
0.000122
0.000099
0.000104
0.000111
0.000133
0.000135
0.000145
0.000127
0.000104
0.000125
0.000150
0.000126
0.000139
0.000150
0.000127
0.000107
0.000116
0.000117
0.000139
0.000141
0.000154
0.000144
0.000108
0.000126
0.000126
0.000159
0.000169
0.000178
0.000164
0.000134
0.000148
0.000153
0.000173
0.000190
0.000209
0.000165
0.000148
0.000185
0.000177
0.000207
0.000226
0.000249
0.000230
0.000198
0.000210
0.000226
0.000255
0.000275
0.000295
0.000280
0.000428
0.000263
0.000298
0.000344
0.000371
0.000403
0.000392
0.000337
0.000376
0.000441
0.000464
0.000490
0.000535
0.000496
0.000416
0.000463
0.000506
0.000516
0.000570
0.000584
0.000525
0.000453
0.000485
0.000529
0.000586
0.000438
0.000496
0.000437
0.000426
0.000459
0.000582
0.000635
0.000655
0.000676
0.000621
0.000534
0.000553
0.000686
0.000668
0.000631
0.000743
0.000656
0.000548
0.000599
0.000600
0.000726
0.000745
0.000713
0.000611
0.000563
0.000555
0.000597
0.000683
0.000612
0.000487
0.000444
0.000466
0.000534
0.000631
0.000712
0.000693
0.000690
0.000681
0.000621
0.000527
0.000732
0.000779
0.000815
0.000882
0.000774
0.000678
0.000617
0.000658
0.000684
0.000675
0.000717
0.000633
0.000564
0.000466
0.000454
0.000569
0.000567
0.000572
0.000500
0.000428
0.000410
0.000441
0.000480
0.000474
0.000496
0.000419
0.000338
0.000390
0.000367
0.000328
0.000370
0.000377
0.000333
0.000281
0.000244
0.000276
0.000297
0.000301
0.000294
0.000257
0.000204
0.000175
0.000172
0.000193
0.000207
0.000222
0.000198
0.000171
0.000169
0.000212
0.000219
0.000218
0.000221
0.000206
0.000159
0.000154
0.000162
0.000200
0.000196
0.000194
0.000174
0.000132
0.000129
0.000163
0.000187
0.000181
0.000194
0.000158
0.000143
0.000132
0.000157
0.000180
0.000191
0.000187
0.000177
0.000137
0.000146
0.000174
0.000206
0.000197
